0.04607820510864258
0.04232215881347656
0.05491781234741211
0.04405999183654785
0.041732072830200195
0.04408001899719238
0.042402029037475586
0.021849870681762695
0.018774986267089844
0.0219881534576416
0.02112889289855957
0.023334026336669922
0.020804166793823242
0.02008795738220215
0.020453929901123047
0.02121710777282715
0.02148604393005371
0.0203249454498291
0.02178788185119629
0.021123170852661133
0.022259235382080078
0.024869680404663086
0.02059793472290039
0.022022008895874023
0.021477699279785156
0.022296905517578125
0.02161383628845215
0.020435810089111328
0.022880077362060547
0.02155017852783203
0.021123170852661133
0.02196526527404785
0.021081209182739258
0.021420955657958984
0.022179126739501953
0.021743059158325195
0.02177906036376953
0.02231597900390625
0.021337032318115234
0.02343583106994629
0.023014307022094727
0.02141094207763672
0.020527124404907227
0.02147388458251953
0.021275997161865234
0.023272275924682617
0.021651029586791992
0.023015975952148438
0.024585962295532227
0.02233433723449707
0.021811962127685547
0.02136707305908203
0.023573875427246094
0.022197723388671875
0.020627260208129883
0.021476268768310547
0.022142887115478516
0.022622108459472656
0.02184891700744629
0.022460222244262695
0.021069049835205078
0.021476268768310547
0.021911144256591797
0.021064043045043945
0.021472930908203125
0.02161097526550293
0.022729873657226562
0.0204620361328125
0.02037501335144043
0.021107196807861328
0.021100997924804688
0.021370887756347656
0.020821094512939453
0.020541906356811523
0.02040719985961914
0.020596981048583984
0.02073192596435547
0.020111083984375
0.02212810516357422
0.021666765213012695
0.021060705184936523
0.024179935455322266
0.022258996963500977
0.021915912628173828
0.023042678833007812
0.019845247268676758
0.02270221710205078
0.02119588851928711
0.022121906280517578
0.021203994750976562
0.02219414710998535
0.021461963653564453
0.022068023681640625
0.02378702163696289
0.022528886795043945
0.02113795280456543
0.020962953567504883
0.022835969924926758
0.021665096282958984
0.020673036575317383
0.022074222564697266
0.021797895431518555
0.020712852478027344
0.02305912971496582
0.023628950119018555
0.02495408058166504
0.025343894958496094
0.02271413803100586
0.02354717254638672
0.02112603187561035
0.022655010223388672
0.023036956787109375
0.021027088165283203
0.020452022552490234
0.02214813232421875
0.02194690704345703
0.020663976669311523
0.020457983016967773
0.019916057586669922
0.021012067794799805
0.02091193199157715
0.01978611946105957
0.0210568904876709
0.02013683319091797
0.020828962326049805
0.021043062210083008
0.02526116371154785
0.021645784378051758
0.021754741668701172
0.022314071655273438
0.0205841064453125
0.02291393280029297
0.020951032638549805
0.022802114486694336
0.021850109100341797
0.021647930145263672
0.020781755447387695
0.020702123641967773
0.020437955856323242
0.022478103637695312
0.02118992805480957
0.020025014877319336
0.020833969116210938
0.020481109619140625
0.019882917404174805
0.022678136825561523
0.02121710777282715
0.021376848220825195
0.022082805633544922
0.020704984664916992
0.02080512046813965
0.021651029586791992
0.020732879638671875
0.023010969161987305
0.021831750869750977
0.021853923797607422
0.020554065704345703
0.021578073501586914
0.021964073181152344
0.022166013717651367
0.022475004196166992
0.023595809936523438
0.02279186248779297
0.02248406410217285
0.019630908966064453
0.020440101623535156
0.021823883056640625
0.019835948944091797
0.020604848861694336
0.021372079849243164
0.023640155792236328
0.021716833114624023
0.02182912826538086
0.020460128784179688
0.019665956497192383
0.018584251403808594
0.021197080612182617
0.02233290672302246
0.019843101501464844
0.0213468074798584
0.020411014556884766
0.022137165069580078
0.021733760833740234
0.0212709903717041
0.02071690559387207
0.021188020706176758
0.019694089889526367
0.020429134368896484
0.01962900161743164
0.02125096321105957
0.020282983779907227
0.02328014373779297
0.02170586585998535
0.020666837692260742
0.020822763442993164
0.021839141845703125
0.022485017776489258
0.020493268966674805
0.021847963333129883
0.022266149520874023
0.02155900001525879
0.021030902862548828
0.022456884384155273
0.02503800392150879
0.021195173263549805
0.022008180618286133
0.020823001861572266
0.020193099975585938
0.022149085998535156
0.020431041717529297
0.02070784568786621
0.022386789321899414
0.02202010154724121
0.0209658145904541
0.0227510929107666
0.02091693878173828
0.020180940628051758
0.021742820739746094
0.019758939743041992
0.02056097984313965
0.021581172943115234
0.020250797271728516
0.02070784568786621
0.02047586441040039
0.020484209060668945
0.023123979568481445
0.0223081111907959
0.020485877990722656
0.021337032318115234
0.02112293243408203
0.022922992706298828
0.020004749298095703
0.02053666114807129
0.020839929580688477
0.024033069610595703
0.021718978881835938
0.020418643951416016
0.021193981170654297
0.02063894271850586
0.0213320255279541
0.022476911544799805
0.021935701370239258
0.02050304412841797
0.02132892608642578
0.02236199378967285
0.020867109298706055
0.02152705192565918
0.02068185806274414
0.021765947341918945
0.02116703987121582
0.02194523811340332
0.020431995391845703
0.020368099212646484
0.021552085876464844
0.02068924903869629
0.02042865753173828
0.020169973373413086
0.020336151123046875
0.021260976791381836
0.021306276321411133
0.020946025848388672
0.022768020629882812
0.022794008255004883
0.02306199073791504
0.021596908569335938
0.021732807159423828
0.020742177963256836
