0.1347188949584961
0.13474202156066895
0.12946677207946777
0.13701915740966797
0.13431906700134277
0.1335301399230957
0.13433313369750977
0.1351327896118164
0.1344587802886963
0.13350296020507812
0.13436198234558105
0.1346883773803711
0.13371062278747559
0.13401317596435547
0.13505816459655762
0.1346302032470703
0.13571882247924805
0.13393115997314453
0.13338279724121094
0.13249993324279785
0.1341249942779541
0.13443994522094727
0.13524508476257324
0.13553190231323242
0.13511395454406738
0.1344308853149414
0.1342630386352539
0.13493895530700684
0.13457894325256348
0.13576197624206543
0.13489389419555664
0.13367033004760742
0.13291525840759277
0.13277482986450195
0.13066792488098145
0.13632678985595703
0.13532114028930664
0.13568687438964844
0.13563084602355957
0.1345210075378418
0.13501214981079102
0.13533401489257812
0.13520264625549316
0.13437795639038086
0.13458585739135742
0.13467693328857422
0.13419580459594727
0.1337110996246338
0.1345539093017578
0.13378286361694336
0.13090300559997559
0.1347818374633789
0.13463616371154785
0.13421392440795898
0.13466501235961914
0.13652420043945312
0.13465094566345215
0.13551807403564453
0.13379621505737305
0.13398337364196777
0.1335430145263672
0.13527297973632812
0.13462615013122559
0.13544225692749023
0.13490986824035645
0.13326382637023926
0.13087105751037598
0.13226699829101562
0.13418030738830566
0.13326478004455566
0.1351480484008789
0.13423681259155273
0.14038991928100586
0.13337087631225586
0.13730192184448242
0.13440370559692383
0.1348400115966797
0.13301682472229004
0.13162755966186523
0.1351301670074463
0.13509392738342285
0.1371619701385498
0.13494133949279785
0.13527822494506836
0.1372089385986328
0.13627123832702637
0.13599777221679688
0.13547801971435547
0.13423991203308105
0.1356210708618164
0.13609981536865234
0.136796236038208
0.13461804389953613
0.13544702529907227
0.13472914695739746
0.13403916358947754
0.003545045852661133
0.0024187564849853516
0.003322124481201172
0.002946138381958008
0.13211584091186523
0.13288021087646484
0.13115906715393066
0.1326141357421875
0.1351611614227295
0.1354048252105713
0.13509106636047363
0.13443517684936523
0.13470911979675293
0.13503384590148926
0.13414287567138672
0.13692116737365723
0.13620305061340332
0.13426780700683594
0.13507390022277832
0.13462090492248535
0.1348280906677246
0.1344308853149414
0.13146328926086426
0.13417601585388184
0.13377690315246582
0.1337573528289795
0.13476777076721191
0.1346290111541748
0.13406085968017578
0.13491177558898926
0.13466596603393555
0.13352084159851074
0.13517069816589355
0.13488101959228516
0.13457894325256348
0.13454389572143555
