0.011383056640625
0.010434150695800781
0.010492801666259766
0.010508060455322266
0.01061105728149414
0.010504007339477539
0.009996891021728516
0.010325908660888672
0.009876012802124023
0.010241985321044922
0.010915994644165039
0.01021122932434082
0.009820222854614258
0.009688854217529297
0.009766817092895508
0.010680675506591797
0.0100860595703125
0.010264873504638672
0.01027822494506836
0.010405302047729492
0.010740280151367188
0.009770870208740234
0.010518074035644531
0.010105133056640625
0.010360956192016602
0.00981903076171875
0.010461807250976562
0.010211944580078125
0.010162115097045898
0.010496139526367188
0.013191938400268555
0.010637998580932617
0.011267900466918945
0.010303974151611328
0.011543989181518555
0.010380029678344727
0.010633230209350586
0.010480165481567383
0.010490894317626953
0.010425090789794922
0.010791778564453125
0.010679006576538086
0.010437965393066406
0.010518074035644531
0.010143041610717773
0.010475873947143555
0.010369062423706055
0.010391950607299805
0.010504961013793945
0.010311126708984375
0.010476112365722656
0.010046958923339844
0.0101318359375
0.010258197784423828
0.010343074798583984
0.010365962982177734
0.010234832763671875
0.01046299934387207
0.01041102409362793
0.010077953338623047
